109.94 bpm
1.726984	
2.269433	
2.811905	
3.368050	
3.912222	
4.459660	
5.002517	
5.545374	
6.083696	
6.620703	
7.157710	
7.715692	
8.252608	
8.789546	
9.352517	
9.889501	
10.443515	
10.980771	
11.518050	
12.081179	
12.618503	
13.155850	
13.716780	
14.253968	
14.791179	
15.352540	
15.890159	
16.447075	
16.984127	
17.521179	
18.080680	
18.617778	
19.154875	
19.717188	
20.254467	
20.791769	
21.619592	
22.157438	
22.716236	
23.253401	
23.813673	
24.350612	
24.887551	
25.436213	
25.972948	
26.509683	
27.078299	
27.615397	
28.152472	
28.716054	
29.253220	
30.055510	
30.592698	
31.129864	
31.714172	
32.251179	
32.805782	
33.342721	
33.879683	
34.438005	
34.975011	
35.512018	
36.081519	
36.618367	
37.170998	
37.708367	
38.245714	
38.804444	
39.341701	
39.878934	
40.446599	
40.983719	
41.520816	
42.077438	
42.614331	
43.166644	
43.703560	
44.240476	
44.809274	
45.346349	
45.883447	
46.443401	
46.980816	
47.518231	
48.068549	
48.605850	
49.173537	
49.710816	
50.248095	
50.805374	
51.342540	
51.879728	
52.448707	
52.985760	
53.538571	
54.075624	
54.612653	
55.171995	
55.709161	
56.246327	
56.813651	
57.350862	
57.888050	
58.442834	
58.980091	
59.531927	
60.068798	
60.605669	
61.174399	
61.711497	
62.248594	
62.806848	
63.881224	
64.415510	
64.952925	
65.536236	
66.073356	
66.610476	
67.169977	
67.707120	
68.244286	
68.806667	
69.343492	
69.903651	
70.440748	
70.977868	
71.533628	
72.070975	
72.608322	
73.169546	
73.706508	
74.243447	
74.806417	
75.343129	
75.898186	
76.435692	
76.973197	
77.537302	
78.075170	
78.613016	
79.171769	
79.709025	
80.261837	
80.799206	
81.336599	
81.899705	
82.437075	
82.974422	
83.536259	
84.073379	
84.610499	
85.167868	
85.704807	
86.261882	
86.798662	
87.335442	
87.900000	
88.437120	
88.974240	
89.532698	
90.069932	
90.607166	
91.164649	
91.701814	
92.263696	
92.800726	
93.337755	
93.895760	
94.432630	
94.969501	
95.526009	
96.062766	
96.624150	
97.161293	
97.698458	
98.262404	
98.799728	
99.337029	
99.894739	
100.432063	
100.969388	
101.538209	
102.075692	
102.626780	
103.163968	
103.701179	
104.258844	
104.796100	
105.333333	
105.901179	
106.438413	
106.975624	
107.511701	
108.049048	
108.617029	
109.153968	
109.690907	
110.263401	
110.800431	
111.337460	
111.895782	
112.432834	
112.983175	
113.520113	
114.057075	
114.627052	
115.164172	
115.701315	
116.262290	
116.799615	
117.336961	
117.903946	
118.441043	
118.993061	
119.530091	
120.067120	
120.621179	
121.158005	
121.694830	
122.264580	
122.801565	
123.356712	
123.893900	
124.431088	
124.989229	
125.526893	
126.064535	
126.630748	
127.168005	
127.705238	
128.261202	
128.798231	
129.351088	
129.887959	
130.424830	
130.993288	
131.530454	
132.067619	
132.624875	
133.162494	
133.700113	
134.261224	
134.798730	
135.360816	
135.898095	
136.435397	
136.989592	
137.527007	
138.064444	
138.625329	
139.162245	
139.724535	
140.261701	
140.798866	
141.352426	
141.889501	
142.426576	
142.991088	
143.528571	
144.066054	
144.627710	
145.164966	
145.716259	
146.253197	
146.790136	
147.350499	
147.887075	
148.423651	
148.990522	
149.527506	
150.064467	
150.607846	
151.145102	
151.714354	
152.251633	
152.788912	
153.352426	
153.889365	
154.426304	
154.986100	
155.522902	
156.080703	
156.617506	
157.154331	
157.715941	
158.252971	
158.790000	
159.352698	
159.890091	
160.427506	
160.987075	
161.524422	
162.081315	
162.618594	
163.155873	
163.713061	
164.250000	
164.786961	
165.349683	
165.886803	
166.423923	
166.954626	
167.491859	
168.076213	
168.613560	
169.150907	
169.711293	
170.248503	
170.785714	
171.354172	
171.891224	
172.442268	
172.979093	
173.515918	
174.070658	
174.607528	
175.144376	
175.717143	
176.254172	
176.791179	
177.335510	
177.871678	
178.425261	
178.961383	
179.497528	
180.076871	
180.613107	
181.149342	
181.713741	
182.251814	
182.799705	
183.336440	
183.873197	
184.445283	
184.982336	
185.519388	
186.079546	
186.617302	
187.155079	
187.721950	
188.259320	
188.813311	
189.350431	
189.887551	
190.442925	
190.980045	
191.517188	
192.086145	
192.623401	
193.160680	
193.704308	
194.241814	
194.806984	
195.344603	
195.882245	
196.451927	
196.989297	
197.526689	
198.079569	
198.616712	
199.167551	
199.704354	
200.241134	
200.813832	
201.351111	
201.888390	
202.442744	
202.979977	
203.517188	
204.080590	
204.618254	
205.179048	
205.716168	
206.253311	
206.806032	
207.343175	
207.880317	
208.442268	
208.979161	
209.516032	
210.051134	
210.588639	
211.167188	
211.704376	
212.241565	
212.809388	
213.346236	
213.883107	
214.445374	
214.982585	
215.535329	
216.072766	
216.610181	
217.173016	
217.710227	
218.247460	
218.807279	
219.344422	
219.881542	
220.446009	
220.983492	
221.537982	
222.075465	
222.612925	
223.171633	
223.708730	
224.245828	
224.807052	
225.344240	
225.901837	
226.439025	
226.976190	
227.535488	
228.072585	
228.609705	
229.171202	
229.708390	
230.245601	
230.803447	
231.340658	
231.900454	
232.437687	
232.974898	
233.532200	
234.069048	
234.605896	
235.161769	
235.698594	
236.235397	
236.800136	
237.337234	
237.897075	
238.434195	
238.971338	
239.529410	
240.066485	
240.603560	
241.171995	
241.708730	
242.262041	
242.799025	
243.336009	
243.893401	
244.430431	
244.967460	
245.536395	
246.073401	
246.610408	
247.171859	
247.709478	
248.260454	
248.797823	
249.335170	
249.901293	
250.438435	
250.975556	
251.532177	
252.068980	
252.605805	
253.146871	
253.683855	
254.262313	
254.799478	
255.336621	
255.897800	
256.435147	
256.972517	
257.541859	
258.079002	
258.630907	
259.168050	
259.705170	
260.258095	
260.794943	
261.331791	
261.902426	
262.439501	
262.976553	
263.533583	
264.070748	
264.626644	
265.164104	
265.701565	
266.267528	
266.804739	
267.341927	
267.897596	
268.434649	
268.986122	
269.522971	
270.059819	
270.628753	
271.165828	
271.702902	
272.260952	
272.798095	
273.335238	
273.897619	
274.434875	
274.994943	
275.532086	
276.069229	
276.625147	
277.162517	
277.699887	
278.261587	
278.798503	
279.335397	
279.896395	
280.433515	
280.988322	
281.525782	
282.063220	
282.622857	
283.159887	
283.696916	
284.260952	
284.797483	
285.352313	
285.889637	
286.426939	
286.989955	
287.527574	
288.065193	
288.626644	
289.163787	
289.700930	
290.264240	
290.801882	
291.354966	
291.892290	
292.429615	
292.991451	
293.528571	
294.065692	
294.623605	
295.160590	
295.697574	
296.243288	
296.780476	
297.352245	
297.889229	
298.426213	
298.986871	
299.524014	
300.061156	
300.619955	
301.157007	
301.716916	
302.254036	
302.791179	
303.350227	
303.887120	
304.424036	
304.984059	
305.521043	
306.058005	
306.628957	
307.166644	
307.721270	
308.258639	
308.796009	
309.350340	
309.887642	
310.424943	
310.992653	
311.529819	
312.081156	
312.618866	
313.156576	
313.713946	
314.251066	
314.788209	
315.355374	
315.892585	
316.429796	
316.982313	
317.519274	
318.075057	
318.612018	
319.148980	
319.718073	
320.255147	
320.792200	
321.346485	
321.883333	
322.420181	
322.992245	
323.528957	
324.083107	
324.620136	
325.157166	
325.716259	
326.253605	
326.790975	
327.357392	
327.894444	
328.447619	
328.984626	
329.521655	
330.078163	
330.615193	
331.152200	
331.719683	
332.256780	
332.793878	
333.352177	
333.889478	
334.444376	
334.981973	
335.519569	
336.085760	
336.622971	
337.160159	
337.716259	
338.253469	
338.790658	
339.339252	
339.876145	
340.448163	
340.985283	
341.522404	
342.079546	
342.616939	
343.154308	
343.718367	
344.255601	
344.816463	
345.353673	
345.890884	
346.443968	
346.981361	
347.518753	
348.081111	
348.618141	
349.155193	
349.717778	
350.255034	
350.807370	
351.344399	
351.881429	
352.444150	
352.981338	
353.518526	
354.082336	
354.619388	
355.156440	
355.686349	
356.223469	
356.799819	
357.336553	
357.873265	
358.442268	
358.979229	
359.516168	
360.078639	
360.615828	
361.171859	
361.709093	
362.246327	
362.807778	
363.344785	
363.881791	
364.440023	
364.976825	
365.513651	
366.073016	
366.609819	
367.170544	
367.707732	
368.244943	
368.807710	
369.345170	
369.882630	
370.442449	
370.979864	
371.536122	
372.073333	
372.610567	
373.170317	
373.707324	
374.244354	
374.804921	
375.342041	
375.879184	
376.445601	
376.982834	
377.538821	
378.076122	
378.613424	
379.166599	
379.703855	
380.241111	
380.808980	
381.346213	
381.883424	
382.435420	
382.972245	
383.525465	
384.062245	
384.599002	
385.171519	
385.708549	
386.245601	
386.790522	
387.326825	
387.879977	
388.416213	
388.952449	
389.531837	
390.068095	
390.604354	
391.169274	
391.707506	
392.245714	
392.811542	
393.348821	
393.903628	
394.440726	
394.977823	
395.534785	
396.072358	
396.609932	
397.177506	
397.714762	
398.252018	
398.783175	
399.320930	
399.893787	
400.430952	
400.968118	
401.540023	
402.077279	
402.614558	
403.170295	
403.707574	
404.262200	
404.799615	
405.337007	
405.906825	
406.444218	
406.981610	
407.534082	
408.071293	
408.608481	
409.168934	
409.705828	
410.270522	
410.807710	
411.344875	
411.897279	
412.434490	
412.971701	
413.534444	
414.071633	
414.631451	
415.168707	
415.705986	
416.261791	
416.799093	
417.336395	
417.895646	
418.432494	
418.969365	
419.533832	
420.070862	
420.626712	
421.163946	
421.701179	
422.263447	
422.800499	
423.337551	
423.898889	
424.436077	
424.973265	
425.532041	
426.069252	
426.628549	
427.165782	
427.703039	
428.261927	
428.799048	
429.336190	
429.900816	
430.438141	
430.993084	
431.530476	
432.067868	
432.626531	
433.163583	
433.700635	
434.260680	
434.797755	
435.334830	
435.893673	
436.430703	
436.990567	
437.527664	
438.064785	
438.625057	
439.162222	
439.699410	
440.257007	
440.794331	
441.331678	
441.878980	
442.416259	
442.983628	
443.520385	
444.057143	
444.614580	
445.151293	
445.688005	
446.260771	
446.797664	
447.353016	
447.890204	
448.427415	
448.984580	
449.521814	
450.059048	
450.627347	
451.164195	
451.701043	
452.259841	
452.796939	
453.347438	
453.884376	
454.421315	
454.991066	
455.528186	
456.065283	
456.626417	
457.164127	
457.716213	
458.253787	
458.791338	
459.356440	
459.893673	
460.430930	
460.986100	
461.522925	
462.059728	
462.630295	
463.167279	
463.721111	
464.258254	
464.795420	
465.352608	
465.889977	
466.427347	
466.996553	
467.533810	
468.071088	
468.628118	
469.165170	
469.713265	
470.249955	
470.786621	
471.356916	
471.893923	
472.430907	
472.987687	
473.524830	
474.081655	
474.619206	
475.156757	
475.721066	
476.258254	
476.795465	
477.351270	
477.888186	
478.425102	
478.986712	
479.523651	
480.084717	
480.621791	
481.158889	
481.716621	
482.253991	
482.791361	
483.353379	
483.890726	
484.428095	
484.975283	
485.512653	
486.078685	
486.616032	
487.153356	
487.717937	
488.254898	
488.791859	
489.352766	
489.889796	
490.443016	
490.980431	
491.517846	
492.080884	
492.617800	
493.154739	
493.716576	
494.253152	
494.789728	
495.351837	
495.889410	
496.444399	
496.981837	
497.519274	
498.081859	
498.619025	
499.156190	
499.717460	
500.254739	
500.792018	
501.482721	
502.020295	
502.455850	
502.992880	
503.529887	
504.080249	
504.617256	
505.154240	
505.710136	
506.247166	
506.808707	
507.345828	
507.882948	
508.442834	
508.980068	
509.517279	
510.075420	
510.612540	
511.149683	
511.724512	
512.261746	
512.807460	
513.344422	
513.881383	
514.439637	
514.976667	
515.513696	
516.082971	
516.620068	
517.176576	
517.714150	
518.251746	
518.804694	
519.342041	
519.879365	
520.446417	
520.983673	
521.520952	
522.077256	
522.614263	
523.168413	
523.705488	
524.242562	
524.809660	
525.346893	
525.884127	
526.439819	
526.976871	
527.513900	
528.070930	
528.607687	
529.173016	
529.710000	
530.246984	
530.801882	
531.338707	
531.875533	
532.446871	
532.983810	
533.537732	
534.074694	
534.611678	
535.169478	
535.706871	
536.244240	
536.811859	
537.348980	
537.886077	
538.442789	
538.980045	
539.533696	
540.070680	
540.607664	
541.174830	
541.711882	
542.248957	
542.807234	
543.344671	
543.882109	
544.418798	
544.956599	
545.537120	
546.074490	
546.611859	
547.170612	
547.707982	
548.245351	
548.807370	
549.344331	
549.905578	
550.442698	
550.979819	
551.534240	
552.071655	
552.609048	
553.172426	
553.709773	
554.247143	
554.808957	
555.346122	
555.898345	
556.435420	
556.972517	
557.533356	
558.070068	
558.606803	
559.172630	
559.709660	
560.261202	
560.798299	
561.335397	
561.898322	
562.435578	
562.972812	
563.537302	
564.074376	
564.611429	
565.169909	
565.706984	
566.263152	
566.800068	
567.336961	
567.897664	
568.434603	
568.971542	
569.534331	
570.071315	
570.608299	
571.167392	
571.704422	
572.262766	
572.799909	
573.337052	
573.897710	
574.434807	
574.971927	
575.531882	
576.068957	
576.625896	
577.163084	
577.700272	
578.262812	
578.800204	
579.337574	
579.897710	
580.435147	
580.972585	
581.537778	
582.075420	
582.626077	
583.163061	
583.700045	
584.256304	
584.793288	
585.330249	
585.899728	
586.436848	
586.973968	
587.514875	
588.052517	
588.618503	
589.155646	
589.692766	
590.263129	
590.800227	
591.337324	
591.893016	
592.429660	
592.980499	
593.517234	
594.053968	
594.624989	
595.161905	
595.698844	
596.246145	
596.782698	
597.319274	
597.897664	
598.434331	
598.992993	
599.529501	
NOISY: 0.081270	
QUIET: 0.359909	
NOISY: 0.371519	
QUIET: 0.388934	
NOISY: 0.394739	
QUIET: 0.446984	
NOISY: 0.621134	
QUIET: 0.905578	
NOISY: 0.917188	
QUIET: 0.934603	
NOISY: 0.940408	
QUIET: 0.986848	
NOISY: 1.166803	
QUIET: 1.451247	
NOISY: 1.462857	
QUIET: 1.480272	
NOISY: 1.486077	
QUIET: 1.538322	
NOISY: 1.712472	
QUIET: 1.996916	
NOISY: 2.008526	
QUIET: 2.025941	
NOISY: 2.031746	
QUIET: 2.083991	
NOISY: 2.258141	
QUIET: 600.038458	
